p cnf 70 343
 39 -32 -56 0
36 38 -47 0
57 -22 -15 0
-1 61 55 0
6 -14 18 0
-16 -38 -55 0
66 7 4 0
-38 16 40 0
24 -47 64 0
36 -13 -52 0
-9 -24 51 0
42 48 -14 0
15 -22 24 0
-19 -37 -64 0
-20 55 -28 0
61 -51 7 0
-46 5 55 0
53 -41 36 0
23 -16 54 0
62 -20 15 0
13 58 -3 0
26 -65 -45 0
-19 27 37 0
-2 -51 -50 0
-1 -48 -69 0
23 15 -49 0
66 -45 58 0
-33 -68 59 0
28 44 -62 0
-52 15 21 0
36 -32 8 0
-1 48 -1 0
-15 41 36 0
-9 -63 -52 0
-43 41 10 0
1 -46 51 0
29 -56 6 0
68 -54 55 0
37 -60 -2 0
9 24 -32 0
37 7 -14 0
-46 -38 49 0
-65 54 -66 0
-59 -43 27 0
52 64 -30 0
-50 -44 -48 0
56 27 19 0
41 68 -59 0
23 21 33 0
-32 -58 2 0
-28 40 51 0
-56 9 -59 0
-6 4 54 0
54 -33 -36 0
-24 14 25 0
28 54 -8 0
8 -15 23 0
13 56 62 0
-55 48 38 0
14 -44 -28 0
69 1 20 0
41 30 -63 0
-50 24 -57 0
31 62 22 0
-34 60 54 0
-66 -23 -40 0
32 -15 19 0
-12 -48 -1 0
-18 -48 1 0
-2 48 4 0
-59 -23 -64 0
6 67 -11 0
39 40 33 0
14 45 -66 0
-40 -5 28 0
-67 56 -51 0
-34 -36 -35 0
-29 -23 -27 0
-5 70 23 0
50 48 35 0
30 -8 -12 0
48 -22 -2 0
70 19 -10 0
15 9 -61 0
53 -54 -41 0
-43 9 -63 0
21 -61 -2 0
10 63 6 0
-10 9 19 0
64 9 -1 0
-10 -62 64 0
-48 62 -63 0
31 19 -43 0
-46 61 65 0
-29 -25 -13 0
-67 -31 -57 0
38 -58 46 0
-37 -10 -68 0
43 -17 -30 0
-44 -10 -1 0
49 -59 -70 0
-13 11 -48 0
8 -53 49 0
46 -18 37 0
-47 -18 28 0
-6 48 -4 0
-66 -15 63 0
-2 5 58 0
1 -51 50 0
50 -22 -41 0
23 -70 11 0
-4 60 27 0
-70 -24 29 0
-9 70 -10 0
7 -1 47 0
-26 -65 22 0
-55 -44 61 0
41 14 -37 0
27 8 -5 0
-16 34 -2 0
2 -63 -56 0
52 -19 -9 0
46 -29 13 0
3 2 -33 0
-2 21 -25 0
-60 4 49 0
6 23 31 0
12 5 47 0
50 15 14 0
24 19 -41 0
-9 2 -52 0
70 -42 1 0
43 67 -35 0
-32 -66 61 0
66 1 -27 0
-3 28 -35 0
-53 4 38 0
-4 1 9 0
-10 42 15 0
3 9 -30 0
36 -55 27 0
-67 69 61 0
44 18 12 0
17 70 -52 0
-15 -10 23 0
36 -4 63 0
-10 62 -70 0
19 -26 -9 0
-41 -48 22 0
67 64 7 0
-1 -34 36 0
-69 62 16 0
-61 55 50 0
-40 45 -15 0
1 -14 -42 0
-34 45 32 0
-23 21 70 0
62 -69 10 0
-64 28 59 0
42 10 -19 0
6 -45 -37 0
-45 61 10 0
69 -11 12 0
-17 36 -29 0
6 -65 -51 0
-16 -3 -33 0
-42 -8 57 0
69 -40 -16 0
7 -60 -24 0
-2 65 36 0
-40 29 -35 0
-68 48 -6 0
-54 19 -17 0
58 -31 44 0
53 -67 17 0
46 9 -59 0
4 -23 -39 0
61 25 6 0
61 3 -60 0
-56 -61 41 0
28 -45 18 0
-2 -53 -20 0
28 -47 15 0
-62 -34 -37 0
-21 -43 30 0
1 69 -23 0
-36 -7 25 0
-45 24 58 0
-19 -65 56 0
-11 -20 55 0
68 -54 -6 0
41 65 2 0
-65 -35 70 0
-68 -9 -16 0
-2 9 -13 0
-60 23 52 0
-42 -43 -24 0
-56 52 19 0
2 18 -65 0
25 22 39 0
27 1 -13 0
-1 -54 22 0
-36 -57 -53 0
-4 9 1 0
55 49 -28 0
-40 -30 -43 0
-31 54 51 0
55 -2 -1 0
11 -61 1 0
-12 -33 -70 0
-11 -15 27 0
50 -23 63 0
40 54 21 0
22 21 -64 0
39 38 -15 0
-30 -11 -65 0
-65 -38 3 0
1 -28 -57 0
25 9 -13 0
-55 65 2 0
28 52 14 0
23 -22 40 0
-3 24 -55 0
-52 -44 51 0
29 36 67 0
-33 -43 65 0
48 -57 -43 0
40 -60 -38 0
61 21 26 0
39 -38 -43 0
43 -26 25 0
53 -44 -65 0
59 -21 -31 0
4 -26 20 0
37 -25 -67 0
61 -22 10 0
18 -30 50 0
54 -33 51 0
9 59 40 0
-58 -49 51 0
-35 -39 52 0
50 -66 58 0
55 -51 -65 0
46 69 -28 0
37 -6 -14 0
42 -15 30 0
47 -34 -68 0
-62 -38 42 0
-20 -39 -21 0
13 10 49 0
-18 64 43 0
-50 53 -60 0
-33 -69 -6 0
-26 64 38 0
-13 -48 -21 0
-15 -17 31 0
-9 39 15 0
-37 38 -15 0
41 62 47 0
14 45 -55 0
1 45 -70 0
68 36 22 0
28 65 43 0
-23 14 1 0
-16 -60 -49 0
-17 33 -6 0
-4 38 32 0
55 15 -53 0
-20 23 -51 0
-6 -12 39 0
69 8 18 0
-40 -62 -19 0
-18 31 -50 0
45 -55 -22 0
-10 51 60 0
61 -20 -42 0
-19 21 51 0
-14 35 57 0
63 15 -23 0
-59 30 -18 0
-3 -64 44 0
-11 66 9 0
-62 -43 17 0
-38 1 -32 0
-31 -45 -16 0
-2 36 49 0
4 39 9 0
-47 -15 -59 0
-23 -12 -51 0
-53 14 36 0
53 -15 -44 0
-58 -49 52 0
-45 -49 52 0
50 -11 58 0
55 -52 -15 0
41 19 -28 0
47 -1 -24 0
42 -25 40 0
47 -44 -18 0
-12 -48 42 0
-20 -49 -22 0
24 20 49 0
-28 14 44 0
-50 54 -10 0
-44 -19 -1 0
-21 14 48 0
-24 -48 -22 0
-25 -27 42 0
-9 49 25 0
-47 48 -25 0
42 12 47 0
24 45 -55 0
2 45 -70 0
18 41 22 0
28 15 44 0
-24 24 2 0
-21 -10 -49 0
-27 44 -1 0
-4 48 42 0
55 15 -54 0
-20 24 -52 0
-1 -22 49 0
19 8 28 0
-40 -12 -29 0
-28 42 -50 0
45 -55 -22 0
-20 52 10 0
12 -20 -42 0
-29 22 52 0
-24 45 57 0
14 15 -24 0
-59 40 -28 0
-4 -14 44 0
-22 11 9 0
-12 -44 27 0
-48 2 -42 0
-42 -45 -21 0
-2 41 49 0
4 49 9 0
-47 -15 -59 0
-24 -22 -52 0
-54 24 41 0
54 -25 -44 0